MSE:0.024520443752408028
RMSE:0.1565900444984436
MAE:0.11924251168966293
training time:209.65789103507996
testing time:0.0006630420684814453
