MSE:0.02462037280201912
RMSE:0.1569088101387024
MAE:0.11946305632591248
training time:205.74654507637024
testing time:0.0007143020629882812
