MSE:0.0245483610779047
RMSE:0.156679168343544
MAE:0.11944016069173813
training time:222.61677861213684
testing time:0.000701904296875
