MSE:0.02630142867565155
RMSE:0.16217714548110962
MAE:0.12296423316001892
training time:256.7896339893341
testing time:0.0006313323974609375
