MSE:0.026174843311309814
RMSE:0.16178640723228455
MAE:0.12271460890769958
training time:280.2174942493439
testing time:0.0007171630859375
