MSE:0.02622593753039837
RMSE:0.16194424033164978
MAE:0.12295114248991013
training time:252.4162952899933
testing time:0.0006043910980224609
