MSE:0.007606892380863428
RMSE:0.08721750229597092
MAE:0.04236797243356705
training time:251.42803621292114
testing time:0.0012328624725341797
