MSE:0.007651901338249445
RMSE:0.08747514337301254
MAE:0.04249799996614456
training time:230.6617980003357
testing time:0.0011415481567382812
