MSE:0.007533651310950518
RMSE:0.08679661154747009
MAE:0.04237663745880127
training time:223.83753561973572
testing time:0.0011970996856689453
