MSE:0.006919409614056349
RMSE:0.08318299055099487
MAE:0.05094592273235321
training time:301.1870403289795
testing time:0.0011758804321289062
