MSE:0.0069129071198403835
RMSE:0.08314389735460281
MAE:0.05095536261796951
training time:292.1743938922882
testing time:0.0010309219360351562
