MSE:0.006919437553733587
RMSE:0.083183154463768
MAE:0.050840165466070175
training time:287.3418710231781
testing time:0.0011258125305175781
