MSE:0.08201716840267181
RMSE:0.2863864004611969
MAE:0.20871330797672272
training time:206.01026463508606
testing time:0.0010936260223388672
