MSE:0.0820448100566864
RMSE:0.2864346504211426
MAE:0.20880866050720215
training time:194.88860702514648
testing time:0.0011563301086425781
