MSE:0.08186300843954086
RMSE:0.2861171364784241
MAE:0.20842833817005157
training time:195.90667486190796
testing time:0.0010275840759277344
