MSE:0.007218125741928816
RMSE:0.08495955169200897
MAE:0.0556219145655632
training time:311.34990096092224
testing time:0.0007598400115966797
