MSE:0.014017620123922825
RMSE:0.11839602887630463
MAE:0.08116161078214645
training time:294.88238549232483
testing time:0.0008442401885986328
