MSE:0.010784735903143883
RMSE:0.10384958237409592
MAE:0.06804869323968887
training time:313.0549507141113
testing time:0.0008215904235839844
