MSE:0.004569164011627436
RMSE:0.06759559363126755
MAE:0.04155028238892555
training time:313.24114894866943
testing time:0.0007853507995605469
