MSE:0.015436138957738876
RMSE:0.12424226105213165
MAE:0.08904341608285904
training time:293.8620901107788
testing time:0.0008003711700439453
