MSE:0.00894490722566843
RMSE:0.09457752108573914
MAE:0.06514964997768402
training time:317.18852138519287
testing time:0.0008754730224609375
