MSE:0.012303709983825684
RMSE:0.11092209070920944
MAE:0.07763995230197906
training time:295.1925947666168
testing time:0.0008859634399414062
