MSE:0.00455622561275959
RMSE:0.06749981641769409
MAE:0.04271068423986435
training time:296.65182757377625
testing time:0.0009627342224121094
