MSE:0.01377274002879858
RMSE:0.11735732108354568
MAE:0.0811534970998764
training time:294.1272325515747
testing time:0.0008428096771240234
