MSE:0.006917845923453569
RMSE:0.08317358791828156
MAE:0.053432807326316833
training time:275.6537766456604
testing time:0.0007646083831787109
