MSE:0.010409491136670113
RMSE:0.10202691704034805
MAE:0.06774649769067764
training time:310.220360994339
testing time:0.0007624626159667969
