MSE:0.004961027763783932
RMSE:0.0704345628619194
MAE:0.04741308093070984
training time:293.1692054271698
testing time:0.0010218620300292969
