MSE:0.09897161275148392
RMSE:0.31459754705429077
MAE:0.23627012968063354
training time:277.5413570404053
testing time:0.0012905597686767578
