MSE:0.09888485074043274
RMSE:0.3144596219062805
MAE:0.2361149936914444
training time:276.17590856552124
testing time:0.0011777877807617188
