MSE:0.09716547280550003
RMSE:0.3117137551307678
MAE:0.23305954039096832
training time:257.2672212123871
testing time:0.0010781288146972656
