MSE:0.2051946222782135
RMSE:0.45298412442207336
MAE:0.3634302020072937
training time:218.39274978637695
testing time:0.00072479248046875
