MSE:0.23607929050922394
RMSE:0.48587992787361145
MAE:0.39359167218208313
training time:222.86815977096558
testing time:0.0006480216979980469
