MSE:0.13174842298030853
RMSE:0.3629716634750366
MAE:0.25936359167099
training time:225.67773246765137
testing time:0.000667572021484375
