MSE:0.3440280556678772
RMSE:0.5865390300750732
MAE:0.5037305355072021
training time:256.7267818450928
testing time:0.0006630420684814453
