MSE:0.3437228202819824
RMSE:0.5862787961959839
MAE:0.5034103989601135
training time:254.29306411743164
testing time:0.0006639957427978516
