MSE:0.3405572474002838
RMSE:0.5835728049278259
MAE:0.4997901916503906
training time:263.31533646583557
testing time:0.0006933212280273438
